   2.0000000e+00   2.3323782e+00   7.7528157e-02   4.6726530e-01   6.1779857e-02  -9.9169103e-01   9.9248997e-01  -3.6376032e-01  -1.0908214e+00   1.6408383e+00   1.3010191e-01
   2.0000000e+00   2.3061694e-01  -1.1175635e+00   1.5580428e-01  -1.2935442e+00   2.5438659e-01  -8.7794660e-01   1.6106887e+00  -1.3259374e+00  -1.8653778e+00   1.2207506e+00
   2.0000000e+00   1.7281353e+00  -3.9746553e-01  -2.4950037e-01   1.4276305e+00   3.6905141e-01  -3.2175660e-01  -5.8945162e-01   5.8406257e-01  -3.2172333e-01   1.7048582e-01
   2.0000000e+00   1.4938878e+00   4.0638057e-02   7.7450651e-01  -2.2900976e-01  -1.3532705e+00  -8.6047480e-01   7.5024763e-01  -1.0621361e+00   7.7823038e-01   3.0117779e-01
   1.0000000e+00   1.5236664e+00   1.6712389e-01   7.8656473e-01   1.7379736e+00   2.1129582e+00   2.4593343e-02  -1.7319900e+00  -3.8606138e-01  -6.6779988e-01  -1.4158915e+00
   2.0000000e+00  -2.9045536e-01  -1.4876862e+00  -2.2702578e-01  -1.9588895e-01   1.3135122e+00  -3.9545603e-01   5.3818170e-01  -1.9750879e+00   3.0827917e+00   8.8603197e-01
   2.0000000e+00  -9.3065837e-01   4.8456289e-01  -1.4885691e+00   8.6854997e-02  -8.1608801e-01  -1.4481245e-01   2.1914844e-02   1.4594337e+00  -8.5220038e-01  -1.6803142e+00
   1.0000000e+00  -8.4821797e-01  -2.6051331e-01   7.7628429e-01  -1.8976648e+00  -7.7512453e-01   3.9097578e-01   1.7988080e-01   2.0140061e-01  -6.4464928e-01  -8.0017478e-01
   2.0000000e+00  -5.7387130e-01   7.3831779e-01   2.0482139e+00  -2.3825032e+00   1.6037435e+00  -1.4765570e+00   4.5384596e-01  -7.7886711e-01   1.0543334e+00  -8.5282183e-01
   2.0000000e+00  -1.1880345e+00   1.3570063e+00   9.3127510e-02   1.3152822e-01  -9.0019240e-01  -1.2741989e-01  -6.4033124e-01   6.7681282e-01   1.0672780e+00   9.7313822e-02
   2.0000000e+00   1.2579622e+00  -9.8762847e-02  -1.2293325e+00   2.6329035e+00   3.6551409e-01  -6.7075420e-01  -2.5553735e+00  -8.2471350e-03  -6.6978348e-01   5.5086940e-01
   2.0000000e+00  -5.8123074e-01   1.2566033e+00   9.5166872e-01   9.0846218e-01   8.2232616e-01  -9.0139941e-01  -1.5887163e-01  -6.5749378e-01   7.6560491e-02   6.5729976e-01
   2.0000000e+00   3.6218563e-01   1.8342116e-01   2.6726877e-01   1.1977592e-01   2.7514734e-01  -4.7005511e-02  -2.1583045e+00  -7.0955802e-01  -6.1538189e-01   1.4441483e+00
   2.0000000e+00   8.6806122e-01  -2.5235538e-01   7.1821039e-02   7.4144069e-01   3.1004894e-01  -1.2278502e+00  -3.2259719e-01  -9.2679374e-01   5.5917360e-01   7.1177167e-01
   2.0000000e+00   7.8579433e-01  -3.2556599e-02   3.1409472e-01   4.3357080e-02  -6.3082834e-01  -2.2988352e-01  -7.1695203e-01  -7.2748716e-01   3.3003951e-01  -1.4769518e+00
   1.0000000e+00   6.3433355e-01  -9.4784720e-01   2.2850410e-01   6.9540745e-01  -7.9688125e-01   1.4711357e-01  -4.2466957e-02   4.1563107e-01   8.6009526e-01  -4.8753356e-01
   2.0000000e+00   6.6950681e-01   7.5061498e-03   4.8504238e-01   1.2304925e+00   1.5638447e-01   2.1274399e+00   1.0207475e+00   2.1178365e+00  -2.4567854e-01   2.0926799e+00
   2.0000000e+00  -6.8059619e-01   2.3625191e+00   9.7792452e-01  -6.5910913e-02  -7.0250860e-02   1.4984190e+00   1.3804136e+00   1.1102761e+00  -1.1685645e-01  -2.9901897e-01
   2.0000000e+00   5.2386043e-01   2.5244229e+00   5.0703254e-01   4.3631166e-01  -1.1065977e+00   1.9681362e+00  -1.7902168e+00   1.7656142e+00   5.9798312e-01   2.4493196e-01
   2.0000000e+00   1.5946131e+00   4.6705879e-01  -2.3105349e+00  -1.0095340e+00  -8.0696510e-01  -4.0909951e-01  -5.8798869e-02   7.7078249e-01  -1.4607540e+00   1.8989276e+00
   2.0000000e+00  -1.1571814e+00  -6.2640839e-02  -7.9140598e-01   2.4918757e-01   4.9921672e-01  -1.7491671e+00  -1.4218936e-01   1.3745341e+00  -1.2124642e-01  -5.1856097e-01
   2.0000000e+00  -7.9361365e-01  -6.4090014e-01   4.7537987e-01  -1.7032651e-01  -6.8018193e-01   1.7973668e+00   1.4694637e+00   1.2785802e+00   7.6670113e-01  -1.3355315e+00
   2.0000000e+00   9.3785669e-01   2.1580097e-01   7.9434250e-01   2.4371523e+00  -1.3839134e+00  -1.9194360e-01  -1.5434173e-01  -1.0769216e-01  -7.6316601e-01  -4.4862052e-01
   2.0000000e+00  -7.6071655e-01   1.5974126e+00   1.2007303e+00   2.5577235e-01   1.8066493e+00   1.2843080e+00  -1.1183015e-01   2.5465581e-01  -4.7752991e-01  -1.4044007e+00
   2.0000000e+00  -7.4313302e-01  -4.4108012e-01  -9.4775909e-02   2.0511631e-02  -1.0809115e+00   1.2589879e+00   1.2170956e-01   2.7626358e-01   1.5009017e+00   1.4232345e+00
   1.0000000e+00   1.7229333e+00  -2.4226860e-01  -1.8001853e-01  -2.6282560e-01  -7.4203174e-01   6.8958838e-01  -4.1309829e-01   1.3240669e+00   9.9493323e-01   4.0455298e-01
   2.0000000e+00  -9.5622126e-01  -1.2844111e-01  -4.0825405e-01   2.0478697e-01  -1.3106298e+00  -5.1691686e-01   9.5132392e-01   1.0800870e-01   2.3961068e-01   4.9044339e-01
   2.0000000e+00  -7.2255207e-01   1.2078642e+00   5.4319245e-01  -1.8128829e+00   1.4441695e+00  -8.5775404e-01   1.9095891e+00  -1.1382206e+00   4.6129591e-01   3.5834787e+00
   2.0000000e+00   3.2660130e-01  -1.9969141e+00   1.0626830e+00   1.3460320e+00   1.5897725e+00   1.2572799e+00  -9.9088790e-01  -3.9965744e-01   1.5844584e+00   3.7874193e-01
   2.0000000e+00  -7.2932696e-01  -6.6068204e-02  -4.9119537e-01   2.4356877e-01  -3.0364425e-02  -7.8669133e-01   9.8376562e-01  -2.8746923e-01  -3.3280509e-01  -1.0292880e+00
   2.0000000e+00  -5.3639022e-01   9.3173060e-01  -4.9066953e-01  -1.2075996e+00  -1.4656654e+00   8.5516974e-01   5.5079983e-01   9.9558396e-01  -2.1546141e-01   1.6313375e+00
   1.0000000e+00   2.8055284e-01   3.0638514e-01   4.6938966e-01   5.2831501e-01  -2.2247702e-01   4.8342516e-01   5.9068246e-01  -2.1830421e+00  -3.8418145e-01   3.8446015e-01
   2.0000000e+00   7.5737601e-01  -4.4196143e-01  -1.4940054e-01  -7.3028263e-01   1.6073184e+00  -3.8833142e-01   1.5595752e+00   1.6407068e+00   9.2139031e-02  -4.4338110e-01
   2.0000000e+00  -6.4914104e-03  -5.1997974e-01   2.0397456e+00   5.8278756e-01  -2.6502696e-02  -9.1429097e-01   8.9509651e-01   5.2809617e-01   8.9188212e-01   3.6786063e-02
   2.0000000e+00   1.2983911e+00   2.3002683e+00  -7.3904995e-01   4.1921271e-01   1.2708374e+00  -3.1352166e-01   9.5724843e-01   1.4977602e-01  -2.3260833e+00   1.4722049e-01
   2.0000000e+00   1.6006719e+00  -3.7467130e-02   1.2464255e+00   1.1546555e+00  -3.1322122e-01  -1.1744436e+00   4.5525298e-01   2.8266579e-01   2.2145409e+00   6.2384804e-01
   2.0000000e+00  -1.3007802e-01   6.8241110e-01  -9.1088616e-02  -6.6470250e-01   7.4837145e-01   9.5145812e-01   8.3378903e-04   1.4625135e+00  -3.3443748e-01  -1.6473871e+00
   2.0000000e+00  -1.4512858e+00   6.8682665e-01  -4.2632573e-01   9.2395433e-01   1.7124606e-01  -1.8111803e+00   8.5997603e-02  -8.5738460e-02   1.5924660e+00   1.7789233e-01
   2.0000000e+00  -1.6017301e+00   1.4670920e+00   2.0014681e+00  -4.4912759e-01  -7.6716680e-01  -1.4789318e+00   1.1701286e+00   6.6965500e-01  -1.0777302e+00  -1.6646518e+00
   2.0000000e+00   1.5125529e+00   1.1993502e+00   1.5774206e+00  -8.9790261e-01   1.6961661e+00  -1.8880975e+00   7.0225256e-01  -3.3410504e-01   7.6257010e-03   2.0077673e-01
   2.0000000e+00  -1.0360792e-01  -5.1321665e-02  -1.3643133e+00   4.3691177e-01  -2.2743723e-02  -5.5504174e-01  -1.6302992e+00   1.2881631e+00   6.1385910e-01   1.7845889e+00
   1.0000000e+00   7.5975167e-01   1.8058252e-01  -1.1862877e-01   9.0981522e-01  -1.3436634e+00   6.7981948e-01   2.2548074e+00   4.7048649e-01   3.4938857e-01  -1.7142964e-01
   2.0000000e+00   3.8150799e-01  -7.4308385e-02   1.9282268e-01   5.4901836e-01   6.4040591e-02  -1.1150660e+00   8.0368501e-01   1.6938383e-01  -2.0843790e-02   1.1915641e+00
   1.0000000e+00  -7.7263910e-01  -7.8066407e-01   5.4287225e-01  -1.1444468e-02   9.6477523e-02   4.9491971e-02   1.6660432e+00   8.2095563e-01   5.5744687e-01   6.7188227e-01
   2.0000000e+00  -4.3961980e-02   1.0050597e+00  -1.2163797e+00  -2.6274897e-01  -2.5206679e+00   4.1956508e-01   4.0671107e-01   2.6257973e+00  -1.7129201e-01   8.8136523e-01
   2.0000000e+00  -5.4218974e-03  -4.0840025e-02   5.8625693e-01  -2.5979725e-01  -2.2659040e-02  -4.0052979e-01  -4.8427560e-01   1.3962228e+00  -1.1313264e+00   2.9280033e-01
   2.0000000e+00   2.8501286e-01  -7.4158143e-01   8.3000770e-01   1.2232223e+00   4.6555379e-01  -3.3073848e-01   6.4047986e-02  -7.3018152e-02  -5.8378768e-01   3.8159781e-01
   2.0000000e+00   2.8750319e-01  -5.7153824e-01  -4.8410242e-01  -1.2309723e-02  -2.2843053e+00  -1.8924387e+00   8.8392399e-01   2.5821573e-01  -5.9530419e-01  -1.7096337e+00
   2.0000000e+00   9.8748850e-01  -3.8154453e-01   6.1025395e-01   1.0504347e+00   1.0928717e+00  -4.4546630e-01  -1.1536054e+00  -4.4593648e-01  -1.1277455e+00  -8.4689904e-01
   2.0000000e+00  -7.6236295e-02  -4.1748610e-01  -2.1421632e+00   2.4266909e-01  -1.2835582e+00   1.0464987e+00   2.5801874e+00   9.8534546e-01  -9.2318053e-01   1.2306605e-01
   2.0000000e+00   4.9967934e-01   1.5224143e+00  -2.9016007e-01   6.9570621e-01   3.9733855e-01  -1.4615232e-01  -1.5790427e-01  -5.5620781e-01   1.2030092e+00  -1.9406018e+00
   2.0000000e+00  -1.7388094e+00   1.1510621e+00   1.2175979e-01   6.6694674e-03  -4.6336534e-01  -9.3057914e-01  -6.8688516e-01  -8.9651335e-01  -3.2801099e-01   1.1954791e+00
   2.0000000e+00  -1.2712317e+00  -5.5521514e-01  -1.5823526e-02  -6.6531049e-01   3.6061916e-01  -2.7037649e-01   1.1922221e-01  -1.2678133e-01  -1.2254131e+00  -6.6843007e-01
   2.0000000e+00   1.8606207e+00  -1.7722784e+00  -2.5145394e-01  -2.8521275e+00   8.0756120e-01   8.9501813e-01  -7.7280202e-01   1.6742008e+00   9.7981212e-01  -2.5704422e+00
   2.0000000e+00   3.8211399e-01  -9.1971721e-01   6.1908194e-01   6.4586491e-01   2.3011304e-02  -4.5981475e-01   3.7366878e-01  -1.0797866e+00   3.2001955e-01  -1.9631206e-01
   2.0000000e+00   3.7163764e-01   2.5470522e-01  -4.7770307e-01  -4.9288600e-02   1.0685750e-01  -1.0962286e+00   1.3825409e+00   5.8469186e-01  -2.2889326e-01  -1.3489236e+00
   2.0000000e+00   9.0938372e-01  -4.0283787e-01   6.3605334e-01  -7.7637245e-01  -1.4635933e+00   1.2209459e+00  -7.0024456e-01   2.8281721e-01  -1.8967510e+00  -2.7804918e-01
   2.0000000e+00  -8.3397580e-01  -1.2834881e+00  -1.7200132e+00  -1.6644501e-01   8.3728569e-01  -6.2631240e-01   2.8221239e-01   5.7584013e-01  -4.4194684e-02  -1.1261515e+00
   2.0000000e+00   8.7565302e-01   1.2584796e-01   9.3295965e-01   1.5959879e+00  -2.7301779e-01   7.0094616e-01   1.1030126e+00  -1.6550748e-01   1.5168153e-02  -3.1161552e-01
   1.0000000e+00  -6.1920836e-01  -1.1723830e-01  -4.4841768e-01  -8.3175519e-02  -1.8175948e+00   7.8416662e-02  -2.2369787e-01   4.8866183e-01  -2.9249126e-01   7.9235672e-01
   1.0000000e+00  -6.9228031e-01  -4.4996658e-02   2.3279160e-02  -2.3623406e-01  -4.7874804e-01   5.3659055e-01  -2.6693299e+00  -5.4659063e-01   1.7687998e+00  -9.2486372e-01
   2.0000000e+00  -9.2771419e-01   6.1987059e-01   6.5167356e-01   4.7177266e-01  -3.3116178e-01  -9.0976896e-01   1.3801884e+00  -8.8328196e-01   1.5915733e+00  -9.5995128e-01
   2.0000000e+00   2.8798062e-01   9.7442699e-01   1.6464093e+00  -1.6621536e+00   3.4471172e-01   9.8300830e-01   9.6080532e-01   2.8261661e-01  -4.1476738e-01   5.7671124e-01
   2.0000000e+00  -8.8689003e-01   5.6307175e-01   3.2130328e-01   2.0316704e+00   3.2449687e-01   1.0370501e+00   1.7519154e-01  -2.0050219e-01  -3.2512308e-01   4.2955571e-01
   2.0000000e+00   9.2974895e-02   3.7024598e-01   5.1747694e-01  -8.8056030e-01  -1.4371383e+00  -9.4650749e-01   8.2144887e-01  -1.7040489e-01  -1.9431393e-01   2.7800371e-01
   2.0000000e+00   7.4976418e-01   1.7516325e+00   1.3260226e+00   1.1651441e+00   1.1720733e+00  -6.3976071e-01  -1.1538829e+00   2.0325598e-01   8.4302911e-01  -1.0504372e+00
   2.0000000e+00  -5.2603475e-01  -1.2605772e-01  -1.2192265e+00  -6.7580755e-01   1.3903440e+00  -9.4947042e-01  -9.8122158e-02   6.1184199e-01  -9.5952248e-01   2.9353530e-01
   1.0000000e+00  -2.1523376e-01  -2.2073232e-01   2.1275328e-01  -2.0174731e-01  -7.3560383e-01   2.9364572e-01   3.1452718e-01   9.5689963e-01  -6.4642519e-01  -8.3540800e-01
   2.0000000e+00   1.4689319e+00  -9.6449048e-02   1.1260043e+00  -4.2661384e-01   7.7085408e-01  -4.9136385e-01   5.0747096e-01  -2.4880722e-01  -1.2286427e+00  -7.2039133e-01
   2.0000000e+00  -1.3655065e-01  -1.6416216e+00  -1.6550919e+00   1.9332009e+00   7.5358680e-01  -3.3448649e-01   3.6446927e-01  -2.2175091e-01  -1.2698963e-01   7.2415176e-01
   2.0000000e+00   1.7298877e+00  -1.0806497e-01   1.0027188e+00   6.0335776e-01  -4.3736607e-01   3.0219282e-01   5.4404993e-01  -1.6090368e+00   7.1576424e-01  -1.3782056e+00
   2.0000000e+00  -5.7954721e-01   1.8984294e+00   1.3910115e+00  -2.2271205e+00   4.2288846e-01   2.3179628e-01   7.2673169e-01  -7.8139831e-01  -6.7804483e-02   4.1275471e-01
   2.0000000e+00  -1.1006426e+00  -3.0131033e+00  -6.0077515e-01   5.1664469e-01   8.1017855e-01  -9.4786554e-01   3.4041811e-01   4.9403969e-02   1.1416838e-01  -2.2483456e-01
   2.0000000e+00   4.2639727e-01   6.1267132e-01   1.8958960e+00  -6.7982118e-01   4.4697945e-01  -6.4902126e-01   1.5446223e+00   8.0535400e-01   1.7557726e+00   6.4805583e-01
   1.0000000e+00   4.3021355e-01  -1.5971521e+00   3.5386531e-01   1.1826571e+00  -8.6485431e-01   7.2009555e-01   1.3275479e+00  -7.8866264e-01  -8.4038146e-01  -1.5322682e+00
   2.0000000e+00   1.5613207e+00   1.4983042e+00   1.3991681e+00   1.5044864e+00   1.5189362e+00   1.0109431e+00   2.9803970e-01  -5.3288919e-01  -6.3846737e-01  -4.7383026e-01
   2.0000000e+00  -2.4345011e-01   4.7359584e-01   9.0567889e-01  -1.2908030e+00   6.3594879e-02  -7.0938807e-01  -5.1992517e-01  -3.0104780e-01   8.2395553e-01  -3.7632365e-01
   1.0000000e+00  -6.7468085e-01   6.0436150e-01  -3.6743065e-01  -8.4662570e-02  -2.9316591e+00   3.3636229e-01   1.3276682e+00  -1.4777519e+00  -1.2415489e-01   3.6542637e-01
   1.0000000e+00  -4.5202128e-01  -2.0631710e+00  -7.5812966e-01  -1.2817171e+00   1.7902783e-01   1.6265571e-01   5.8361411e-01   3.4520265e-01   5.4850457e-01   2.4252332e+00
   2.0000000e+00  -9.6189315e-01  -4.7172241e-01  -3.0049475e+00  -1.2172517e+00   7.8515914e-01  -1.5989057e+00   1.3607861e-01   1.6129803e-01  -1.0192847e-01  -3.4397347e-01
   2.0000000e+00   1.1731869e+00   1.6033152e+00  -2.1420470e-01   3.1837131e-01  -1.0915690e-01  -1.2468867e+00   3.6097299e-02   3.9709334e-01   1.2501107e-01   4.7962186e-01
   2.0000000e+00  -1.6888769e+00  -3.1764580e-01   7.6668428e-01   4.3738986e-01  -8.8419165e-01  -1.2247641e+00   1.7050303e-01  -4.6531758e-01  -8.8532210e-01  -9.4654882e-02
   1.0000000e+00  -1.0519591e+00  -1.7015169e+00  -1.5769527e-01   1.8957894e-01   1.0036356e+00   2.2727821e-01   1.8403926e+00   9.5999828e-01   8.1400995e-01   6.4442052e-01
   2.0000000e+00  -7.5211640e-01   2.9010035e-01  -9.5086863e-01  -2.4288676e-01   4.0006578e-01  -1.0215045e+00  -1.6332083e+00   7.1759505e-01  -7.7431445e-01   5.9475055e-01
   2.0000000e+00   8.8715372e-01   1.6114959e-02   1.2039368e+00  -3.2668224e-01   1.1552132e+00   6.8889429e-01   2.8841370e-02  -4.4098838e-01   1.0741340e+00  -1.3222323e+00
   2.0000000e+00   1.8646441e-01   7.1579295e-01   7.5232719e-01   6.0965575e-01   3.2993073e-01   7.6521083e-01  -2.0245931e+00   6.1461270e-01   1.3242343e+00   8.0831140e-01
   1.0000000e+00  -9.5770269e-02  -4.0405432e-01   2.3384922e-01   2.1570250e-01  -1.9777827e-01   1.5735526e-01   8.2248227e-02  -1.0515177e-02   5.1817947e-02  -2.2878842e-01
   2.0000000e+00  -7.0020824e-01   3.1415986e-01   4.8992258e-02  -8.2779148e-01  -1.6697935e+00  -1.6197324e+00   5.1606101e-01  -4.0636014e-01   1.9981785e+00  -6.5360079e-01
   2.0000000e+00   3.1168143e-01   1.5026952e+00   4.2226567e-01   3.4876380e-01   1.1829855e+00  -1.6353879e+00   9.0599076e-02  -1.6726763e+00  -2.4289682e+00   3.4500332e+00
   2.0000000e+00   3.3586043e-01   5.9410430e-03   1.0852940e+00   3.3912066e-02  -1.5585629e+00  -1.6750796e+00  -1.0321636e+00  -5.5932153e-01   2.6492764e-01   5.7098939e-01
   1.0000000e+00  -1.8463162e+00   1.3710353e-01   6.2810024e-01  -3.0238154e+00  -2.4987716e-01   4.1891660e-01  -2.9516426e-01  -4.8288317e-01  -1.7783819e-01  -1.2402357e+00
   2.0000000e+00  -7.2792598e-01   1.2821696e+00   1.9748720e+00  -1.8401428e-01  -3.5926840e-01   1.1143186e+00  -2.2822265e+00  -1.5215001e+00  -2.1874571e-01  -1.0475095e+00
   1.0000000e+00   1.5265851e+00   1.1987366e+00  -1.8536922e-01  -1.7326033e+00   3.6621060e-01   4.3705198e-01   1.3021073e+00   2.6364624e+00   7.6126499e-02  -6.2074352e-01
   2.0000000e+00  -1.2438423e+00   3.1023504e-02  -7.4015654e-01  -2.6556087e-01   2.1321635e+00   1.9855214e+00   5.4173826e-01   3.3927729e-01  -7.1158513e-01  -1.4111403e+00
   1.0000000e+00  -2.5743972e-01  -8.7584910e-01  -2.1239646e-01  -1.0987220e+00   2.5317736e-01   1.8723572e-01   2.5746959e-01   1.1980989e+00   5.0337936e-01   1.2058002e+00
   2.0000000e+00  -7.7279334e-01   8.3257279e-02   2.3446064e+00  -1.8020155e-01   7.2248788e-01  -4.3255725e-01  -9.5817231e-02   5.4643563e-01  -2.0078981e+00  -4.2823544e-01
   2.0000000e+00   1.8131325e+00  -5.5320081e-01   4.9230257e-01  -1.0046498e+00  -6.1057095e-01  -1.0634615e+00   1.3338662e+00  -1.5745595e+00  -3.1405795e-01  -1.7114261e+00
   1.0000000e+00   1.3934885e+00  -1.8197867e-01   1.8007220e-01   2.3106170e-01   8.1232700e-01   4.4527094e-01   6.6480763e-01   1.5798522e+00   2.4356039e-01   3.0162400e-01
   2.0000000e+00  -7.5295683e-01  -1.1298828e+00  -9.1715600e-01   9.9882910e-01  -3.7850387e-01  -4.5460615e-01   3.3207021e-02  -4.2951376e-01  -1.5665297e-01  -8.5321333e-01
   1.0000000e+00   1.6650115e-01  -1.9920970e-01  -9.9892174e-02  -2.0167493e+00   1.6677815e+00   2.0104330e-02   7.4949312e-02   2.8355377e-01  -1.7956123e+00   2.3247434e-01
